X1=-98.0
X2=-66.02
X-Finial=-82.00999999999999
Y1=-33.34
Y2=8.66
Y-Finial=-12.340000000000002
Z-Finial=13.78
