X1=-3.28
X2=22.74
X-Finial=9.729999999999999
Y1=-36.09
Y2=-0.06
Y-Finial=-18.075000000000003
Z-Finial=29.16
