X1=-5.49
X2=23.55
X-Finial=9.030000000000001
Y1=-25.37
Y2=13.6
Y-Finial=-5.885000000000001
Z-Finial=29.0
