X1=-5.4
X2=23.64
X-Finial=9.120000000000001
Y1=-17.82
Y2=21.2
Y-Finial=1.6899999999999995
Z-Finial=29.0
